<?xml version="1.0" encoding="utf-8"?>
<COLLADA xmlns="http://www.collada.org/2005/11/COLLADASchema" version="1.4.1">
  <asset><contributor><author>Mixamo</author><authoring_tool>COLLADA Mixamo exporter</authoring_tool><comments></comments></contributor><created>2017-04-06T14:16:49Z</created><modified>2017-04-06T14:16:49Z</modified><revision></revision><title></title><unit meter="0.010000"/><up_axis>Y_UP</up_axis></asset>
  <library_animations>
    <animation id="Hips-anim" name="Hips"><source id="Hips-Matrix-animation-input"><float_array id="Hips-Matrix-animation-input-array" count="145">

0.000000 0.033333 0.066667 0.100000 0.133333 0.166667 0.200000 0.233333 0.266667 0.300000 0.333333 0.366667 0.400000 0.433333 0.466667 0.500000
0.533333 0.566667 0.600000 0.633333 0.666667 0.700000 0.733333 0.766667 0.800000 0.833333 0.866667 0.900000 0.933333 0.966667 1.000000 1.033333
1.066667 1.100000 1.133333 1.166667 1.200000 1.233333 1.266667 1.300000 1.333333 1.366667 1.400000 1.433333 1.466667 1.500000 1.533333 1.566667
1.600000 1.633333 1.666667 1.700000 1.733333 1.766667 1.800000 1.833333 1.866667 1.900000 1.933333 1.966667 2.000000 2.033333 2.066667 2.100000
2.133333 2.166667 2.200000 2.233333 2.266667 2.300000 2.333333 2.366667 2.400000 2.433333 2.466667 2.500000 2.533333 2.566667 2.600000 2.633333
2.666667 2.700000 2.733333 2.766667 2.800000 2.833333 2.866667 2.900000 2.933333 2.966667 3.000000 3.033333 3.066667 3.100000 3.133333 3.166667
3.200000 3.233333 3.266667 3.300000 3.333333 3.366667 3.400000 3.433333 3.466667 3.500000 3.533333 3.566667 3.600000 3.633333 3.666667 3.700000
3.733333 3.766667 3.800000 3.833333 3.866667 3.900000 3.933333 3.966667 4.000000 4.033333 4.066667 4.100000 4.133333 4.166667 4.200000 4.233333
4.266667 4.300000 4.333333 4.366667 4.400000 4.433333 4.466667 4.500000 4.533333 4.566667 4.600000 4.633333 4.666667 4.700000 4.733333 4.766667
4.800000</float_array><technique_common><accessor source="#Hips-Matrix-animation-input-array" count="145"><param name="TIME" type="float"/></accessor></technique_common></source><source id="Hips-Matrix-animation-output-transform"><float_array id="Hips-Matrix-animation-output-transform-array" count="2320">

0.995246 -0.069637 -0.068095 0.706842 0.048750 0.961429 -0.270699 86.106400 0.084319 0.266092 0.960253 1.540563 0.000000 0.000000 0.000000 1.000000
0.999128 -0.040740 -0.009142 -2.626309 0.036834 0.963125 -0.266520 88.323090 0.019663 0.265951 0.963786 -1.309870 0.000000 0.000000 0.000000 1.000000
0.998894 -0.013566 0.045018 -5.950694 0.025661 0.959594 -0.280216 90.464157 -0.039397 0.281062 0.958881 -4.043122 0.000000 0.000000 0.000000 1.000000
0.995849 0.010845 0.090375 -9.017472 0.017458 0.951686 -0.306577 92.549355 -0.089333 0.306882 0.947546 -6.630511 0.000000 0.000000 0.000000 1.000000
0.991751 0.031865 0.124157 -11.837673 0.012006 0.941259 -0.337473 94.572365 -0.127617 0.336179 0.933112 -9.035027 0.000000 0.000000 0.000000 1.000000
0.987310 0.051474 0.150228 -14.480617 0.007616 0.929574 -0.368556 96.319344 -0.158619 0.365023 0.917387 -11.378134 0.000000 0.000000 0.000000 1.000000
0.981908 0.070579 0.175714 -17.012671 0.005287 0.917361 -0.398021 97.651382 -0.189285 0.391749 0.900391 -13.643120 0.000000 0.000000 0.000000 1.000000
0.974739 0.090636 0.204131 -19.466171 0.004532 0.905745 -0.423799 98.475166 -0.223302 0.414018 0.882454 -15.966469 0.000000 0.000000 0.000000 1.000000
0.965682 0.114191 0.233276 -21.971296 -0.000454 0.898906 -0.438142 98.699738 -0.259725 0.423000 0.868109 -18.568394 0.000000 0.000000 0.000000 1.000000
0.957270 0.139236 0.253470 -24.587749 -0.015535 0.899960 -0.435696 98.504395 -0.288777 0.413141 0.863668 -21.234570 0.000000 0.000000 0.000000 1.000000
0.952830 0.161273 0.257109 -27.240463 -0.039689 0.906073 -0.421255 98.064613 -0.300897 0.391180 0.869735 -23.744081 0.000000 0.000000 0.000000 1.000000
0.953097 0.181812 0.241972 -30.006256 -0.073630 0.914734 -0.397290 96.871658 -0.293573 0.360839 0.885217 -26.606941 0.000000 0.000000 0.000000 1.000000
0.955917 0.198858 0.216050 -32.781322 -0.112049 0.927132 -0.357592 94.708862 -0.271416 0.317620 0.908543 -29.915930 0.000000 0.000000 0.000000 1.000000
0.958122 0.208586 0.196199 -35.543377 -0.144952 0.944156 -0.295904 91.728363 -0.246963 0.255073 0.934851 -33.497620 0.000000 0.000000 0.000000 1.000000
0.961503 0.198658 0.189862 -38.689823 -0.155847 0.963275 -0.218661 88.996887 -0.226328 0.180654 0.957152 -37.426598 0.000000 0.000000 0.000000 1.000000
0.965488 0.171845 0.195707 -40.526367 -0.144608 0.978667 -0.145943 87.143341 -0.216612 0.112605 0.969742 -39.563530 0.000000 0.000000 0.000000 1.000000
0.967248 0.145644 0.207893 -41.518127 -0.127329 0.986909 -0.098988 86.353012 -0.219588 0.069275 0.973130 -40.595203 0.000000 0.000000 0.000000 1.000000
0.965353 0.133841 0.224009 -41.559303 -0.116789 0.989271 -0.087774 86.603386 -0.233354 0.058571 0.970626 -40.427273 0.000000 0.000000 0.000000 1.000000
0.960454 0.143375 0.238688 -40.774307 -0.120443 0.986816 -0.108113 87.728905 -0.251041 0.075089 0.965059 -39.033642 0.000000 0.000000 0.000000 1.000000
0.955106 0.172953 0.240539 -39.448959 -0.140112 0.979068 -0.147631 89.502686 -0.261037 0.107301 0.959347 -36.610367 0.000000 0.000000 0.000000 1.000000
0.951652 0.211476 0.222790 -37.887257 -0.169348 0.966303 -0.193855 91.655876 -0.256279 0.146754 0.955398 -33.631466 0.000000 0.000000 0.000000 1.000000
0.950901 0.238962 0.196684 -36.294445 -0.189475 0.951965 -0.240546 93.678474 -0.244717 0.191469 0.950501 -30.595125 0.000000 0.000000 0.000000 1.000000
0.954084 0.238422 0.181327 -34.707722 -0.180065 0.940274 -0.288896 95.030853 -0.239376 0.242980 0.940032 -27.959455 0.000000 0.000000 0.000000 1.000000
0.960625 0.209638 0.182350 -33.123482 -0.138031 0.929647 -0.341619 95.404938 -0.241138 0.302998 0.921979 -26.260818 0.000000 0.000000 0.000000 1.000000
0.968257 0.161192 0.191036 -31.527685 -0.076208 0.918268 -0.388558 95.214516 -0.238054 0.361665 0.901404 -25.466000 0.000000 0.000000 0.000000 1.000000
0.973175 0.111867 0.201036 -30.055565 -0.019704 0.911142 -0.411622 94.965919 -0.229219 0.396619 0.888905 -25.120949 0.000000 0.000000 0.000000 1.000000
0.973540 0.081813 0.213370 -28.778852 0.013427 0.911623 -0.410807 95.081253 -0.228122 0.402802 0.886403 -24.703539 0.000000 0.000000 0.000000 1.000000
0.969639 0.074820 0.232814 -27.671230 0.025661 0.915657 -0.401140 95.512520 -0.243191 0.394935 0.885937 -24.120466 0.000000 0.000000 0.000000 1.000000
0.962077 0.078152 0.261344 -26.583902 0.031937 0.919218 -0.392451 96.048935 -0.270903 0.385914 0.881862 -23.441236 0.000000 0.000000 0.000000 1.000000
0.952247 0.079983 0.294667 -25.350590 0.041177 0.922622 -0.383501 96.651947 -0.302540 0.377321 0.875270 -22.755957 0.000000 0.000000 0.000000 1.000000
0.941950 0.079992 0.326085 -23.963121 0.050236 0.926695 -0.372443 97.356422 -0.331973 0.367203 0.868882 -22.031967 0.000000 0.000000 0.000000 1.000000
0.930916 0.087079 0.354701 -22.542500 0.051609 0.930055 -0.363777 98.221443 -0.361569 0.356952 0.861309 -21.158333 0.000000 0.000000 0.000000 1.000000
0.915142 0.108827 0.388165 -21.148876 0.042061 0.931842 -0.360417 99.208328 -0.400932 0.346159 0.848190 -20.097195 0.000000 0.000000 0.000000 1.000000
0.889320 0.144562 0.433833 -19.702726 0.022556 0.933693 -0.357363 100.126518 -0.456728 0.327596 0.827091 -18.861607 0.000000 0.000000 0.000000 1.000000
0.849258 0.187526 0.493554 -18.056343 -0.005792 0.938052 -0.346447 100.660728 -0.527947 0.291364 0.797734 -17.374769 0.000000 0.000000 0.000000 1.000000
0.791313 0.229571 0.566675 -15.999991 -0.041506 0.944863 -0.324824 100.646790 -0.610000 0.233517 0.757212 -15.491385 0.000000 0.000000 0.000000 1.000000
0.713847 0.259203 0.650566 -13.382991 -0.076748 0.952341 -0.295224 100.237663 -0.696083 0.160815 0.699719 -13.156327 0.000000 0.000000 0.000000 1.000000
0.619471 0.264487 0.739122 -10.383406 -0.099680 0.960414 -0.260131 99.143707 -0.778665 0.087468 0.621313 -10.425637 0.000000 0.000000 0.000000 1.000000
0.511958 0.249438 0.821997 -7.245496 -0.114236 0.968182 -0.222649 96.899719 -0.851380 0.020085 0.524164 -7.481668 0.000000 0.000000 0.000000 1.000000
0.396233 0.228452 0.889274 -3.754858 -0.136422 0.972448 -0.189034 94.784103 -0.907958 -0.046415 0.416482 -4.678011 0.000000 0.000000 0.000000 1.000000
0.282027 0.205743 0.937086 -0.309543 -0.162750 0.972839 -0.164612 93.023544 -0.945502 -0.106085 0.307851 -2.062169 0.000000 0.000000 0.000000 1.000000
0.171913 0.182001 0.968154 3.044102 -0.185895 0.971122 -0.149550 91.796158 -0.967414 -0.154265 0.200781 0.248649 0.000000 0.000000 0.000000 1.000000
0.059816 0.156577 0.985853 6.387609 -0.201450 0.969194 -0.141708 91.062347 -0.977671 -0.190124 0.089515 2.336492 0.000000 0.000000 0.000000 1.000000
-0.055315 0.131050 0.989831 9.772720 -0.212916 0.966999 -0.139926 90.765282 -0.975503 -0.218491 -0.025587 4.327591 0.000000 0.000000 0.000000 1.000000
-0.166626 0.109107 0.979965 13.059419 -0.224088 0.963662 -0.145394 90.956467 -0.960219 -0.243825 -0.136121 6.216101 0.000000 0.000000 0.000000 1.000000
-0.266694 0.093951 0.959191 16.119820 -0.227951 0.960851 -0.157493 91.517395 -0.936436 -0.260651 -0.234837 8.024401 0.000000 0.000000 0.000000 1.000000
-0.353098 0.086182 0.931609 19.055632 -0.213949 0.961925 -0.170078 92.262352 -0.910795 -0.259371 -0.321215 9.756377 0.000000 0.000000 0.000000 1.000000
-0.431373 0.088118 0.897860 22.220301 -0.190293 0.963941 -0.186029 92.549820 -0.881877 -0.251104 -0.399050 11.578345 0.000000 0.000000 0.000000 1.000000
-0.516141 0.106767 0.849823 25.815838 -0.178145 0.957120 -0.228444 92.091789 -0.837773 -0.269301 -0.474988 13.871340 0.000000 0.000000 0.000000 1.000000
-0.616266 0.141504 0.774721 29.721722 -0.184501 0.930407 -0.316705 91.061172 -0.765621 -0.338112 -0.547271 16.988016 0.000000 0.000000 0.000000 1.000000
-0.725349 0.181062 0.664143 33.928894 -0.180771 0.880828 -0.437567 90.246826 -0.664222 -0.437446 -0.606176 20.713255 0.000000 0.000000 0.000000 1.000000
-0.828933 0.215168 0.516306 39.364487 -0.131162 0.822542 -0.553372 90.409653 -0.543752 -0.526428 -0.653611 24.421480 0.000000 0.000000 0.000000 1.000000
-0.908126 0.235028 0.346511 46.137413 -0.044138 0.769243 -0.637430 92.764603 -0.416365 -0.594161 -0.688195 27.459488 0.000000 0.000000 0.000000 1.000000
-0.955926 0.241239 0.167357 54.417618 0.060648 0.719952 -0.691369 96.259056 -0.287274 -0.650748 -0.702851 29.500444 0.000000 0.000000 0.000000 1.000000
-0.973366 0.229175 0.006142 62.647621 0.151690 0.663894 -0.732281 98.491959 -0.171898 -0.711845 -0.680975 30.129574 0.000000 0.000000 0.000000 1.000000
-0.970072 0.205728 -0.128983 69.747314 0.228095 0.589907 -0.774585 99.641747 -0.083266 -0.780824 -0.619178 30.188526 0.000000 0.000000 0.000000 1.000000
-0.954592 0.173351 -0.242288 75.928436 0.297096 0.493632 -0.817350 100.716080 -0.022088 -0.852219 -0.522719 29.855139 0.000000 0.000000 0.000000 1.000000
-0.932373 0.120832 -0.340706 80.959488 0.360483 0.381358 -0.851245 101.631744 0.027073 -0.916497 -0.399126 28.700888 0.000000 0.000000 0.000000 1.000000
-0.903650 0.039027 -0.426489 84.417419 0.420846 0.265554 -0.867392 102.479065 0.079404 -0.963306 -0.256393 26.921658 0.000000 0.000000 0.000000 1.000000
-0.869015 -0.061692 -0.490925 86.436478 0.476975 0.159367 -0.864348 103.343246 0.131560 -0.985290 -0.109066 24.947893 0.000000 0.000000 0.000000 1.000000
-0.836944 -0.162543 -0.522595 87.559662 0.519484 0.064547 -0.852039 104.033493 0.172225 -0.984588 0.030416 23.163565 0.000000 0.000000 0.000000 1.000000
-0.818054 -0.257863 -0.514096 88.187599 0.538264 -0.028331 -0.842300 104.504791 0.202634 -0.965766 0.161975 21.900276 0.000000 0.000000 0.000000 1.000000
-0.813047 -0.349178 -0.465864 88.543007 0.532861 -0.123942 -0.837077 104.849121 0.234549 -0.928823 0.286834 21.257843 0.000000 0.000000 0.000000 1.000000
-0.812688 -0.436493 -0.386021 88.772644 0.510537 -0.214057 -0.832786 104.970757 0.280875 -0.873873 0.396807 20.970606 0.000000 0.000000 0.000000 1.000000
-0.804135 -0.519336 -0.289236 88.913002 0.482128 -0.285163 -0.828392 104.753181 0.347735 -0.805588 0.479696 21.000332 0.000000 0.000000 0.000000 1.000000
-0.778334 -0.598680 -0.189154 89.168770 0.453714 -0.328081 -0.828557 104.227287 0.433982 -0.730716 0.526986 21.200966 0.000000 0.000000 0.000000 1.000000
-0.734957 -0.671200 -0.096580 89.706413 0.423517 -0.343108 -0.838398 103.443481 0.529595 -0.657090 0.536434 21.360342 0.000000 0.000000 0.000000 1.000000
-0.681283 -0.731671 -0.022603 90.574532 0.389472 -0.336160 -0.857501 102.417671 0.619811 -0.593004 0.513986 21.511551 0.000000 0.000000 0.000000 1.000000
-0.624138 -0.780980 0.022841 91.843689 0.355872 -0.310186 -0.881555 101.273170 0.695562 -0.542084 0.471528 21.863863 0.000000 0.000000 0.000000 1.000000
-0.560930 -0.827201 0.033112 93.543373 0.329715 -0.259912 -0.907598 100.149963 0.759372 -0.498181 0.418533 22.369259 0.000000 0.000000 0.000000 1.000000
-0.478104 -0.878275 0.006980 96.110634 0.316314 -0.179594 -0.931499 99.324806 0.819366 -0.443146 0.363676 22.911179 0.000000 0.000000 0.000000 1.000000
-0.383668 -0.922529 -0.041700 98.913818 0.304705 -0.083838 -0.948750 98.598763 0.871754 -0.376711 0.313265 22.979473 0.000000 0.000000 0.000000 1.000000
-0.293115 -0.950870 -0.099651 101.838097 0.288583 0.011375 -0.957387 97.990623 0.911484 -0.309383 0.271071 22.623581 0.000000 0.000000 0.000000 1.000000
-0.219638 -0.959741 -0.175087 104.550224 0.268189 0.113156 -0.956698 97.343842 0.937995 -0.257084 0.232539 21.949839 0.000000 0.000000 0.000000 1.000000
-0.159568 -0.945477 -0.283922 106.986267 0.249592 0.239623 -0.938235 96.619812 0.955114 -0.220577 0.197747 21.016533 0.000000 0.000000 0.000000 1.000000
-0.104786 -0.904984 -0.412339 108.457230 0.237704 0.379812 -0.894002 95.971474 0.965669 -0.191694 0.175319 19.892551 0.000000 0.000000 0.000000 1.000000
-0.055337 -0.845298 -0.531422 109.266388 0.232387 0.506718 -0.830201 95.383911 0.971048 -0.169436 0.168396 18.748074 0.000000 0.000000 0.000000 1.000000
-0.013353 -0.776444 -0.630044 109.497581 0.230750 0.610700 -0.757496 94.679176 0.972921 -0.155497 0.171010 17.679821 0.000000 0.000000 0.000000 1.000000
0.027795 -0.700500 -0.713111 109.002022 0.231192 0.698549 -0.677185 93.757401 0.972511 -0.146043 0.181366 16.764795 0.000000 0.000000 0.000000 1.000000
0.081202 -0.608816 -0.789145 107.600212 0.231403 0.781641 -0.579215 92.583664 0.969463 -0.135577 0.204353 16.175278 0.000000 0.000000 0.000000 1.000000
0.155582 -0.490685 -0.857334 105.222206 0.226342 0.862521 -0.452579 91.251312 0.961542 -0.123637 0.245256 16.102995 0.000000 0.000000 0.000000 1.000000
0.246508 -0.356015 -0.901381 101.972984 0.211699 0.927402 -0.308397 89.787819 0.945736 -0.114799 0.303980 16.591574 0.000000 0.000000 0.000000 1.000000
0.342136 -0.234399 -0.909945 97.997421 0.184017 0.966350 -0.179738 88.280533 0.921456 -0.105951 0.373757 17.557264 0.000000 0.000000 0.000000 1.000000
0.437793 -0.139517 -0.888185 93.333656 0.143906 0.986024 -0.083953 86.815590 0.887484 -0.091061 0.451752 19.074724 0.000000 0.000000 0.000000 1.000000
0.538240 -0.055662 -0.840952 87.605492 0.092376 0.995701 -0.006781 85.394112 0.837714 -0.074034 0.541068 21.529011 0.000000 0.000000 0.000000 1.000000
0.638078 0.042789 -0.768782 80.686264 0.026436 0.996649 0.077413 83.979645 0.769517 -0.069719 0.634809 25.135500 0.000000 0.000000 0.000000 1.000000
0.727442 0.150125 -0.669546 73.856064 -0.045121 0.984126 0.171637 82.870590 0.684685 -0.094645 0.722668 28.893473 0.000000 0.000000 0.000000 1.000000
0.801549 0.239433 -0.547897 66.909332 -0.120779 0.962270 0.243822 81.155762 0.585604 -0.129260 0.800225 32.599365 0.000000 0.000000 0.000000 1.000000
0.869678 0.292081 -0.397931 60.006039 -0.194589 0.943727 0.267420 79.470375 0.453647 -0.155137 0.877574 35.916977 0.000000 0.000000 0.000000 1.000000
0.921867 0.328494 -0.205557 53.670242 -0.271898 0.926288 0.260886 78.195282 0.276104 -0.184611 0.943231 38.875751 0.000000 0.000000 0.000000 1.000000
0.927972 0.371323 0.031435 48.311504 -0.365941 0.892080 0.265104 77.237488 0.070397 -0.257512 0.963707 41.871983 0.000000 0.000000 0.000000 1.000000
0.870674 0.404469 0.279877 43.870464 -0.477547 0.831415 0.284075 76.386253 -0.117794 -0.380991 0.917044 44.829300 0.000000 0.000000 0.000000 1.000000
0.767668 0.413682 0.489441 40.391254 -0.590098 0.754175 0.288106 76.242821 -0.249940 -0.509988 0.823069 47.897045 0.000000 0.000000 0.000000 1.000000
0.655190 0.410167 0.634420 38.424847 -0.686068 0.674633 0.272364 76.788086 -0.316286 -0.613705 0.723415 50.680428 0.000000 0.000000 0.000000 1.000000
0.547878 0.406501 0.731154 38.067490 -0.768202 0.590499 0.247338 77.864777 -0.331203 -0.697185 0.635797 52.135277 0.000000 0.000000 0.000000 1.000000
0.434166 0.402518 0.805903 38.350929 -0.844670 0.492844 0.208895 79.266747 -0.313101 -0.771417 0.553971 52.106041 0.000000 0.000000 0.000000 1.000000
0.296488 0.394060 0.869949 38.873531 -0.916908 0.372265 0.143868 81.311089 -0.267159 -0.840319 0.471689 51.346447 0.000000 0.000000 0.000000 1.000000
0.131981 0.374637 0.917730 40.233017 -0.971049 0.234834 0.043785 84.984810 -0.199111 -0.896939 0.394784 49.447281 0.000000 0.000000 0.000000 1.000000
-0.051512 0.346835 0.936510 43.171577 -0.989563 0.108641 -0.094665 90.139763 -0.134577 -0.931613 0.337619 47.084717 0.000000 0.000000 0.000000 1.000000
-0.250105 0.326070 0.911661 48.096226 -0.963734 0.006683 -0.266781 95.904564 -0.093082 -0.945322 0.312574 44.348495 0.000000 0.000000 0.000000 1.000000
-0.455950 0.317865 0.831307 54.288769 -0.886974 -0.085260 -0.453881 101.829460 -0.073395 -0.944295 0.320812 40.257835 0.000000 0.000000 0.000000 1.000000
-0.646745 0.293985 0.703771 60.098736 -0.761358 -0.194021 -0.618619 106.448586 -0.045318 -0.935911 0.349310 35.618507 0.000000 0.000000 0.000000 1.000000
-0.794440 0.218102 0.566830 65.722496 -0.607163 -0.307893 -0.732499 110.217522 0.014764 -0.926085 0.377027 30.446520 0.000000 0.000000 0.000000 1.000000
-0.891766 0.097622 0.441840 71.505302 -0.443214 -0.385214 -0.809427 112.241859 0.091185 -0.917649 0.386789 25.649714 0.000000 0.000000 0.000000 1.000000
-0.950781 -0.030893 0.308319 77.316017 -0.269256 -0.410059 -0.871408 112.403656 0.153350 -0.911535 0.381559 22.320990 0.000000 0.000000 0.000000 1.000000
-0.979558 -0.143171 0.141308 82.847664 -0.070680 -0.412714 -0.908114 112.377457 0.188336 -0.899538 0.394158 19.316525 0.000000 0.000000 0.000000 1.000000
-0.967478 -0.247471 -0.052387 88.622345 0.157659 -0.427973 -0.889934 112.847687 0.197813 -0.869251 0.453071 17.309145 0.000000 0.000000 0.000000 1.000000
-0.900753 -0.360369 -0.242442 94.719948 0.394629 -0.445893 -0.803397 113.154243 0.181416 -0.819337 0.543852 15.899311 0.000000 0.000000 0.000000 1.000000
-0.782863 -0.476909 -0.399603 101.120193 0.605684 -0.437171 -0.664852 113.556770 0.142379 -0.762521 0.631102 14.712477 0.000000 0.000000 0.000000 1.000000
-0.626433 -0.584118 -0.516128 107.098198 0.775675 -0.401835 -0.486680 111.733772 0.076881 -0.705220 0.704808 13.891079 0.000000 0.000000 0.000000 1.000000
-0.439111 -0.680753 -0.586308 112.775047 0.897880 -0.355400 -0.259812 108.389214 -0.031506 -0.640520 0.767295 13.021930 0.000000 0.000000 0.000000 1.000000
-0.244608 -0.762078 -0.599504 118.165916 0.950018 -0.312063 0.009064 103.899452 -0.193991 -0.567322 0.800321 12.615938 0.000000 0.000000 0.000000 1.000000
-0.079485 -0.829710 -0.552507 122.896103 0.917604 -0.277452 0.284646 99.367615 -0.389468 -0.484357 0.783398 12.975336 0.000000 0.000000 0.000000 1.000000
0.031467 -0.897558 -0.439772 127.930054 0.816971 -0.230383 0.528660 95.031395 -0.575819 -0.375916 0.726030 13.428658 0.000000 0.000000 0.000000 1.000000
0.083611 -0.962393 -0.258473 132.643921 0.688867 -0.131603 0.712841 90.246399 -0.720049 -0.237655 0.651958 13.129632 0.000000 0.000000 0.000000 1.000000
0.095391 -0.994213 -0.049414 135.873962 0.574134 0.014399 0.818634 85.491898 -0.813185 -0.106461 0.572185 11.830929 0.000000 0.000000 0.000000 1.000000
0.092123 -0.989224 0.113794 137.893433 0.488542 0.144482 0.860495 82.278442 -0.867664 -0.023678 0.496588 10.177630 0.000000 0.000000 0.000000 1.000000
0.093741 -0.973597 0.208138 138.908020 0.419896 0.228217 0.878410 80.059448 -0.902718 0.005053 0.430203 8.037472 0.000000 0.000000 0.000000 1.000000
0.105323 -0.958822 0.263756 138.894012 0.337039 0.283951 0.897651 78.658371 -0.935581 -0.005647 0.353067 6.229116 0.000000 0.000000 0.000000 1.000000
0.113200 -0.943580 0.311196 138.444656 0.233008 0.329686 0.914885 79.569313 -0.965864 -0.031053 0.257182 5.214270 0.000000 0.000000 0.000000 1.000000
0.099176 -0.926818 0.362178 139.077225 0.118336 0.372375 0.920507 81.482544 -0.988008 -0.048433 0.146607 4.380591 0.000000 0.000000 0.000000 1.000000
0.058461 -0.908363 0.414077 140.397400 0.004947 0.415045 0.909788 82.959534 -0.998277 -0.051138 0.028758 3.456002 0.000000 0.000000 0.000000 1.000000
0.005644 -0.887632 0.460519 141.674683 -0.120459 0.456569 0.881495 83.889137 -0.992702 -0.060449 -0.104347 2.848604 0.000000 0.000000 0.000000 1.000000
-0.057278 -0.868649 0.492106 142.640564 -0.284233 0.486705 0.826032 84.614441 -0.957043 -0.092559 -0.274776 2.681079 0.000000 0.000000 0.000000 1.000000
-0.158402 -0.858198 0.488267 143.286041 -0.486004 0.498226 0.718033 85.252457 -0.859482 -0.123562 -0.496007 2.571233 0.000000 0.000000 0.000000 1.000000
-0.305627 -0.853956 0.421131 142.711838 -0.677503 0.505813 0.533988 85.990746 -0.669016 -0.122116 -0.733148 2.498930 0.000000 0.000000 0.000000 1.000000
-0.454780 -0.842461 0.288852 141.017960 -0.791400 0.531036 0.302798 86.956383 -0.408486 -0.090891 -0.908228 2.801536 0.000000 0.000000 0.000000 1.000000
-0.560959 -0.818790 0.122102 138.896561 -0.815580 0.571898 0.088104 88.355110 -0.141969 -0.050161 -0.988599 3.329286 0.000000 0.000000 0.000000 1.000000
-0.611135 -0.789342 -0.058769 136.474258 -0.784462 0.613907 -0.087962 90.473198 0.105511 -0.007655 -0.994389 3.663939 0.000000 0.000000 0.000000 1.000000
-0.601935 -0.757113 -0.253878 134.182175 -0.718658 0.652217 -0.241129 93.023903 0.348145 0.037308 -0.936698 3.033874 0.000000 0.000000 0.000000 1.000000
-0.517264 -0.724860 -0.454989 131.680679 -0.620936 0.683727 -0.383348 95.413429 0.588962 0.084227 -0.803760 1.300008 0.000000 0.000000 0.000000 1.000000
-0.354038 -0.692956 -0.628067 128.743774 -0.495391 0.708563 -0.502519 96.815750 0.793249 0.133228 -0.594143 -0.740964 0.000000 0.000000 0.000000 1.000000
-0.153289 -0.656574 -0.738521 125.302818 -0.359386 0.733217 -0.577264 97.529678 0.920513 0.176926 -0.348357 -2.742293 0.000000 0.000000 0.000000 1.000000
0.039181 -0.616483 -0.786393 120.147339 -0.218479 0.762670 -0.608771 95.696571 0.975055 0.195663 -0.104806 -5.507734 0.000000 0.000000 0.000000 1.000000
0.215117 -0.577143 -0.787801 114.222748 -0.089959 0.791547 -0.604451 92.212494 0.972436 0.200897 0.118356 -8.529632 0.000000 0.000000 0.000000 1.000000
0.385669 -0.530382 -0.754953 109.785187 0.012116 0.821097 -0.570661 87.658981 0.922558 0.210939 0.323098 -11.788746 0.000000 0.000000 0.000000 1.000000
0.545526 -0.468542 -0.694888 105.473869 0.077251 0.853711 -0.514985 82.050125 0.834526 0.227257 0.501916 -15.063337 0.000000 0.000000 0.000000 1.000000
0.673176 -0.398675 -0.622810 101.382744 0.100242 0.883648 -0.457294 78.314980 0.732656 0.245407 0.634815 -17.869720 0.000000 0.000000 0.000000 1.000000
0.769027 -0.333252 -0.545473 98.515472 0.096961 0.904288 -0.415767 76.532677 0.631820 0.266847 0.727734 -20.667604 0.000000 0.000000 0.000000 1.000000
0.841321 -0.279776 -0.462498 96.174423 0.090644 0.916536 -0.389546 76.786827 0.532882 0.285810 0.796461 -23.423664 0.000000 0.000000 0.000000 1.000000
0.899027 -0.231459 -0.371722 94.037170 0.087244 0.926545 -0.365926 78.483246 0.429114 0.296547 0.853183 -26.200342 0.000000 0.000000 0.000000 1.000000
0.942018 -0.183616 -0.280868 92.357384 0.080710 0.936418 -0.341478 80.354080 0.325711 0.299009 0.896943 -29.139254 0.000000 0.000000 0.000000 1.000000
0.969414 -0.142214 -0.200030 90.331879 0.073759 0.946148 -0.315219 82.423317 0.234086 0.290824 0.927699 -32.052773 0.000000 0.000000 0.000000 1.000000
0.985846 -0.105088 -0.130629 88.289116 0.063442 0.955062 -0.289538 84.311668 0.155185 0.277152 0.948211 -35.091682 0.000000 0.000000 0.000000 1.000000
0.995241 -0.069696 -0.068095 85.907875 0.048806 0.961426 -0.270699 86.118134 0.084335 0.266088 0.960252 -38.211323 0.000000 0.000000 0.000000 1.000000</float_array><technique_common><accessor source="#Hips-Matrix-animation-output-transform-array" count="145" stride="16"><param type="float4x4"/></accessor></technique_common></source><source id="Hips-Interpolations"><Name_array id="Hips-Interpolations-array" count="145">
 LINEAR LINEAR LINEAR LINEAR LINEAR LINEAR LINEAR LINEAR LINEAR LINEAR LINEAR
LINEAR LINEAR LINEAR LINEAR LINEAR LINEAR LINEAR LINEAR LINEAR LINEAR LINEAR LINEAR
LINEAR LINEAR LINEAR LINEAR LINEAR LINEAR LINEAR LINEAR LINEAR LINEAR LINEAR LINEAR
LINEAR LINEAR LINEAR LINEAR LINEAR LINEAR LINEAR LINEAR LINEAR LINEAR LINEAR LINEAR
LINEAR LINEAR LINEAR LINEAR LINEAR LINEAR LINEAR LINEAR LINEAR LINEAR LINEAR LINEAR
LINEAR LINEAR LINEAR LINEAR LINEAR LINEAR LINEAR LINEAR LINEAR LINEAR LINEAR LINEAR
LINEAR LINEAR LINEAR LINEAR LINEAR LINEAR LINEAR LINEAR LINEAR LINEAR LINEAR LINEAR
LINEAR LINEAR LINEAR LINEAR LINEAR LINEAR LINEAR LINEAR LINEAR LINEAR LINEAR LINEAR
LINEAR LINEAR LINEAR LINEAR LINEAR LINEAR LINEAR LINEAR LINEAR LINEAR LINEAR LINEAR
LINEAR LINEAR LINEAR LINEAR LINEAR LINEAR LINEAR LINEAR LINEAR LINEAR LINEAR LINEAR
LINEAR LINEAR LINEAR LINEAR LINEAR LINEAR LINEAR LINEAR LINEAR LINEAR LINEAR LINEAR
LINEAR LINEAR LINEAR LINEAR LINEAR LINEAR LINEAR LINEAR LINEAR LINEAR LINEAR LINEAR
LINEAR LINEAR</Name_array><technique_common><accessor source="#Hips-Interpolations-array" count="145"><param type="name"/></accessor></technique_common></source><sampler id="Hips-Matrix-animation-transform"><input semantic="INPUT" source="#Hips-Matrix-animation-input"/><input semantic="OUTPUT" source="#Hips-Matrix-animation-output-transform"/><input semantic="INTERPOLATION" source="#Hips-Interpolations"/></sampler><channel source="#Hips-Matrix-animation-transform" target="Hips/matrix"/></animation>
    <animation id="Spine-anim" name="Spine"><source id="Spine-Matrix-animation-input"><float_array id="Spine-Matrix-animation-input-array" count="145">

0.000000 0.033333 0.066667 0.100000 0.133333 0.166667 0.200000 0.233333 0.266667 0.300000 0.333333 0.366667 0.400000 0.433333 0.466667 0.500000
0.533333 0.566667 0.600000 0.633333 0.666667 0.700000 0.733333 0.766667 0.800000 0.833333 0.866667 0.900000 0.933333 0.966667 1.000000 1.033333
1.066667 1.100000 1.133333 1.166667 1.200000 1.233333 1.266667 1.300000 1.333333 1.366667 1.400000 1.433333 1.466667 1.500000 1.533333 1.566667
1.600000 1.633333 1.666667 1.700000 1.733333 1.766667 1.800000 1.833333 1.866667 1.900000 1.933333 1.966667 2.000000 2.033333 2.066667 2.100000
2.133333 2.166667 2.200000 2.233333 2.266667 2.300000 2.333333 2.366667 2.400000 2.433333 2.466667 2.500000 2.533333 2.566667 2.600000 2.633333
2.666667 2.700000 2.733333 2.766667 2.800000 2.833333 2.866667 2.900000 2.933333 2.966667 3.000000 3.033333 3.066667 3.100000 3.133333 3.166667
3.200000 3.233333 3.266667 3.300000 3.333333 3.366667 3.400000 3.433333 3.466667 3.500000 3.533333 3.566667 3.600000 3.633333 3.666667 3.700000
3.733333 3.766667 3.800000 3.833333 3.866667 3.900000 3.933333 3.966667 4.000000 4.033333 4.066667 4.100000 4.133333 4.166667 4.200000 4.233333
4.266667 4.300000 4.333333 4.366667 4.400000 4.433333 4.466667 4.500000 4.533333 4.566667 4.600000 4.633333 4.666667 4.700000 4.733333 4.766667
4.800000</float_array><technique_common><accessor source="#Spine-Matrix-animation-input-array" count="145"><param name="TIME" type="float"/></accessor></technique_common></source><source id="Spine-Matrix-animation-output-transform"><float_array id="Spine-Matrix-animation-output-transform-array" count="2320">

0.949563 -0.296163 0.103037 0.000000 0.279057 0.648241 -0.708457 14.560200 0.143026 0.701478 0.698192 0.016000 0.000000 0.000000 0.000000 1.000000
0.958275 -0.273032 0.084634 0.000000 0.253961 0.677302 -0.690483 14.560200 0.131201 0.683166 0.718381 0.016000 0.000000 0.000000 0.000000 1.000000
0.965843 -0.256158 0.039130 0.000000 0.217897 0.721119 -0.657653 14.560200 0.140246 0.643716 0.752304 0.016000 0.000000 0.000000 0.000000 1.000000
0.969270 -0.245664 -0.012858 -0.000000 0.187454 0.771426 -0.608082 14.560200 0.159302 0.586985 0.793770 0.016000 0.000000 0.000000 0.000000 1.000000
0.969658 -0.238132 -0.055289 0.000000 0.170041 0.819471 -0.547315 14.560200 0.175641 0.521307 0.835099 0.016000 0.000000 0.000000 0.000000 1.000000
0.969657 -0.222675 -0.100904 0.000000 0.148482 0.864323 -0.480520 14.560200 0.194214 0.450957 0.871160 0.016000 0.000000 0.000000 0.000000 1.000000
0.967050 -0.197128 -0.161105 0.000000 0.116807 0.905828 -0.407225 14.560200 0.226209 0.374988 0.899007 0.016000 0.000000 0.000000 0.000000 1.000000
0.958296 -0.171568 -0.228544 0.000000 0.087190 0.937131 -0.337912 14.560200 0.272151 0.303892 0.913008 0.016000 0.000000 0.000000 0.000000 1.000000
0.942923 -0.159819 -0.292155 -0.000000 0.073257 0.955370 -0.286184 14.560200 0.324854 0.248447 0.912548 0.016000 0.000000 0.000000 0.000000 1.000000
0.926522 -0.154070 -0.343248 0.000000 0.067994 0.965856 -0.249996 14.560200 0.370045 0.208288 0.905363 0.016000 0.000000 0.000000 0.000000 1.000000
0.916914 -0.139546 -0.373893 -0.000000 0.055514 0.972365 -0.226770 14.560200 0.395205 0.187173 0.899322 0.016000 0.000000 0.000000 0.000000 1.000000
0.916446 -0.118430 -0.382232 0.000000 0.034475 0.975017 -0.219441 14.560200 0.398671 0.187928 0.897633 0.016000 0.000000 0.000000 0.000000 1.000000
0.922483 -0.100737 -0.372661 -0.000000 0.007682 0.969951 -0.243178 14.560200 0.385960 0.221465 0.895538 0.016000 0.000000 0.000000 0.000000 1.000000
0.930120 -0.085510 -0.357162 0.000000 -0.029988 0.951586 -0.305917 14.560200 0.366029 0.295250 0.882525 0.016000 0.000000 0.000000 0.000000 1.000000
0.934784 -0.052079 -0.351379 0.000000 -0.094117 0.917528 -0.386373 14.560200 0.342522 0.394246 0.852789 0.016000 0.000000 0.000000 0.000000 1.000000
0.930957 -0.004975 -0.365094 0.000000 -0.172147 0.875820 -0.450894 14.560200 0.322000 0.482613 0.814494 0.016000 0.000000 0.000000 0.000000 1.000000
0.921257 0.026740 -0.388034 0.000000 -0.226461 0.847977 -0.479219 14.560200 0.316229 0.529359 0.787260 0.016000 0.000000 0.000000 0.000000 1.000000
0.912767 0.022456 -0.407864 0.000000 -0.232702 0.849211 -0.474015 14.560200 0.335718 0.527576 0.780357 0.016000 0.000000 0.000000 0.000000 1.000000
0.908568 -0.020701 -0.417223 -0.000000 -0.188987 0.870347 -0.454732 14.560200 0.372542 0.492004 0.786857 0.016000 0.000000 0.000000 0.000000 1.000000
0.908843 -0.091894 -0.406891 0.000000 -0.107269 0.891145 -0.440857 14.560200 0.403111 0.444316 0.800053 0.016000 0.000000 0.000000 0.000000 1.000000
0.912620 -0.167717 -0.372821 -0.000000 -0.010541 0.902012 -0.431581 14.560200 0.408673 0.397800 0.821427 0.016000 0.000000 0.000000 0.000000 1.000000
0.916726 -0.220939 -0.332864 0.000000 0.069590 0.908739 -0.411521 14.560200 0.393408 0.354088 0.848441 0.016000 0.000000 0.000000 0.000000 1.000000
0.919393 -0.241265 -0.310656 -0.000000 0.114995 0.920154 -0.374290 14.560200 0.376154 0.308396 0.873728 0.016000 0.000000 0.000000 0.000000 1.000000
0.922281 -0.235021 -0.306859 0.000000 0.130213 0.936417 -0.325833 14.560200 0.363926 0.260553 0.894243 0.016000 0.000000 0.000000 0.000000 1.000000
0.930463 -0.205885 -0.303067 0.000000 0.116422 0.950453 -0.288245 14.560200 0.347396 0.232918 0.908331 0.016000 0.000000 0.000000 0.000000 1.000000
0.943550 -0.169097 -0.284816 -0.000000 0.082215 0.952523 -0.293156 14.560200 0.320866 0.253191 0.912655 0.016000 0.000000 0.000000 0.000000 1.000000
0.954404 -0.153571 -0.255987 -0.000000 0.060454 0.939188 -0.338042 14.560200 0.292333 0.307153 0.905648 0.016000 0.000000 0.000000 0.000000 1.000000
0.958912 -0.167373 -0.229071 0.000000 0.066503 0.917546 -0.392029 14.560200 0.275798 0.360687 0.890977 0.016000 0.000000 0.000000 0.000000 1.000000
0.957656 -0.194139 -0.212614 -0.000000 0.084659 0.895693 -0.436540 14.560200 0.275186 0.400055 0.874202 0.016000 0.000000 0.000000 0.000000 1.000000
0.956013 -0.211210 -0.203542 -0.000000 0.092689 0.875886 -0.473531 14.560200 0.278294 0.433836 0.856936 0.016000 0.000000 0.000000 0.000000 1.000000
0.959838 -0.204611 -0.191953 -0.000000 0.081022 0.857195 -0.508578 14.560200 0.268602 0.472600 0.839347 0.016000 0.000000 0.000000 0.000000 1.000000
0.967698 -0.181819 -0.174647 0.000000 0.061976 0.843044 -0.534263 14.560200 0.244375 0.506181 0.827080 0.016000 0.000000 0.000000 0.000000 1.000000
0.973726 -0.162672 -0.159360 0.000000 0.052067 0.840297 -0.539619 14.560200 0.221691 0.517144 0.826689 0.016000 0.000000 0.000000 0.000000 1.000000
0.976388 -0.151604 -0.153892 0.000000 0.048095 0.847058 -0.529319 14.560200 0.210602 0.509420 0.834349 0.016000 0.000000 0.000000 0.000000 1.000000
0.977967 -0.138213 -0.156456 0.000000 0.038684 0.856447 -0.514784 14.560200 0.205146 0.497389 0.842923 0.016000 0.000000 0.000000 0.000000 1.000000
0.980168 -0.115217 -0.161234 -0.000000 0.020088 0.867191 -0.497571 14.560200 0.197149 0.484464 0.852307 0.016000 0.000000 0.000000 0.000000 1.000000
0.981818 -0.079842 -0.172214 0.000000 -0.011573 0.880374 -0.474139 14.560200 0.189469 0.467512 0.863443 0.016000 0.000000 0.000000 0.000000 1.000000
0.979879 -0.028580 -0.197536 -0.000000 -0.064048 0.892329 -0.446818 14.560200 0.189037 0.450479 0.872544 0.016000 0.000000 0.000000 0.000000 1.000000
0.972064 0.031828 -0.232547 0.000000 -0.128978 0.900204 -0.415930 14.560200 0.196102 0.434304 0.879161 0.016000 0.000000 0.000000 0.000000 1.000000
0.961394 0.072100 -0.265563 0.000000 -0.177784 0.899355 -0.399441 14.560200 0.210036 0.431233 0.877452 0.016000 0.000000 0.000000 0.000000 1.000000
0.949187 0.091253 -0.301191 0.000000 -0.215005 0.886905 -0.408867 14.560200 0.229818 0.452849 0.861459 0.016000 0.000000 0.000000 0.000000 1.000000
0.934168 0.100332 -0.342439 0.000000 -0.257140 0.854644 -0.451068 14.560200 0.247407 0.509428 0.824180 0.016000 0.000000 0.000000 0.000000 1.000000
0.916768 0.109844 -0.384020 0.000000 -0.310968 0.799674 -0.513635 14.560200 0.250671 0.590302 0.767273 0.016000 0.000000 0.000000 0.000000 1.000000
0.902648 0.120131 -0.413273 0.000000 -0.363175 0.727865 -0.581649 14.560200 0.230933 0.675115 0.700635 0.016000 0.000000 0.000000 0.000000 1.000000
0.896113 0.129077 -0.424643 -0.000000 -0.401314 0.644271 -0.651047 14.560200 0.189550 0.753826 0.629140 0.016000 0.000000 0.000000 0.000000 1.000000
0.892841 0.142618 -0.427195 0.000000 -0.430282 0.550262 -0.715590 14.560200 0.133013 0.822722 0.552663 0.016000 0.000000 0.000000 0.000000 1.000000
0.885696 0.166725 -0.433296 0.000000 -0.459574 0.447200 -0.767336 14.560200 0.065836 0.878758 0.472705 0.016000 0.000000 0.000000 0.000000 1.000000
0.878830 0.191138 -0.437178 0.000000 -0.477003 0.373595 -0.795547 14.560200 0.011268 0.907686 0.419500 0.016000 0.000000 0.000000 0.000000 1.000000
0.887041 0.178810 -0.425658 0.000000 -0.461607 0.360992 -0.810311 14.560200 0.008768 0.915266 0.402755 0.016000 0.000000 0.000000 0.000000 1.000000
0.909073 0.100608 -0.404306 0.000000 -0.406472 0.427204 -0.807637 14.560200 0.091466 0.898540 0.429254 0.016000 0.000000 0.000000 0.000000 1.000000
0.917683 -0.022801 -0.396659 0.000000 -0.322940 0.538767 -0.778100 14.560200 0.231448 0.842146 0.487054 0.016000 0.000000 0.000000 0.000000 1.000000
0.902483 -0.127196 -0.411516 0.000000 -0.250812 0.621528 -0.742157 14.560200 0.350168 0.772997 0.529016 0.016000 0.000000 0.000000 0.000000 1.000000
0.890993 -0.180101 -0.416767 0.000000 -0.224089 0.623902 -0.748686 14.560200 0.394861 0.760467 0.515534 0.016000 0.000000 0.000000 0.000000 1.000000
0.886522 -0.221351 -0.406303 -0.000000 -0.225772 0.559546 -0.797455 14.560200 0.403863 0.798694 0.446075 0.016000 0.000000 0.000000 0.000000 1.000000
0.880152 -0.263112 -0.395101 0.000000 -0.234361 0.482959 -0.843698 14.560200 0.412805 0.835178 0.363413 0.016000 0.000000 0.000000 0.000000 1.000000
0.867346 -0.272766 -0.416305 -0.000000 -0.268356 0.448145 -0.852732 14.560200 0.419161 0.851331 0.315498 0.016000 0.000000 0.000000 0.000000 1.000000
0.854989 -0.227450 -0.466112 0.000000 -0.329535 0.455752 -0.826860 14.560200 0.400500 0.860556 0.314710 0.016000 0.000000 0.000000 0.000000 1.000000
0.846985 -0.166876 -0.504747 -0.000000 -0.374875 0.485729 -0.789643 14.560200 0.376943 0.858033 0.348847 0.016000 0.000000 0.000000 0.000000 1.000000
0.845709 -0.149175 -0.512370 0.000000 -0.373087 0.521210 -0.767559 14.560200 0.381553 0.840290 0.385136 0.016000 0.000000 0.000000 0.000000 1.000000
0.845027 -0.181262 -0.503064 -0.000000 -0.336491 0.550905 -0.763726 14.560200 0.415575 0.814646 0.404537 0.016000 0.000000 0.000000 0.000000 1.000000
0.838472 -0.225340 -0.496172 0.000000 -0.292778 0.581650 -0.758923 14.560200 0.459614 0.781604 0.421723 0.016000 0.000000 0.000000 0.000000 1.000000
0.834052 -0.240957 -0.496283 0.000000 -0.256536 0.627008 -0.735561 14.560200 0.488412 0.740811 0.461143 0.016000 0.000000 0.000000 0.000000 1.000000
0.843450 -0.214752 -0.492416 0.000000 -0.227334 0.687816 -0.689368 14.560200 0.486735 0.693390 0.531318 0.016000 0.000000 0.000000 0.000000 1.000000
0.867262 -0.162623 -0.470543 0.000000 -0.200343 0.751241 -0.628888 14.560200 0.455763 0.639680 0.618942 0.016000 0.000000 0.000000 0.000000 1.000000
0.896057 -0.113124 -0.429283 0.000000 -0.175357 0.798161 -0.576358 14.560200 0.407837 0.591728 0.695361 0.016000 0.000000 0.000000 0.000000 1.000000
0.923173 -0.080531 -0.375854 0.000000 -0.154532 0.817552 -0.554733 14.560200 0.351953 0.570196 0.742297 0.016000 0.000000 0.000000 0.000000 1.000000
0.946076 -0.055846 -0.319094 -0.000000 -0.140746 0.816335 -0.560167 14.560200 0.291771 0.574872 0.764455 0.016000 0.000000 0.000000 0.000000 1.000000
0.962269 -0.035163 -0.269818 -0.000000 -0.127797 0.817036 -0.562245 14.560200 0.240221 0.575513 0.781715 0.016000 0.000000 0.000000 0.000000 1.000000
0.971317 -0.028489 -0.236076 -0.000000 -0.105449 0.838236 -0.535015 14.560200 0.213130 0.544563 0.811189 0.016000 0.000000 0.000000 0.000000 1.000000
0.975050 -0.044855 -0.217406 0.000000 -0.066142 0.876186 -0.477414 14.560200 0.211903 0.479882 0.851358 0.016000 0.000000 0.000000 0.000000 1.000000
0.973112 -0.096425 -0.209177 0.000000 -0.000081 0.908011 -0.418946 14.560200 0.230332 0.407699 0.883589 0.016000 0.000000 0.000000 0.000000 1.000000
0.964060 -0.164091 -0.208953 -0.000000 0.069431 0.914747 -0.398016 14.560200 0.256450 0.369204 0.893265 0.016000 0.000000 0.000000 0.000000 1.000000
0.955653 -0.209210 -0.207266 0.000000 0.106692 0.901942 -0.418471 14.560200 0.274490 0.377799 0.884264 0.016000 0.000000 0.000000 0.000000 1.000000
0.958663 -0.206407 -0.195861 -0.000000 0.097269 0.884586 -0.456121 14.560200 0.267403 0.418215 0.868097 0.016000 0.000000 0.000000 0.000000 1.000000
0.971009 -0.171564 -0.166453 0.000000 0.065243 0.860111 -0.505918 14.560200 0.229965 0.480391 0.846369 0.016000 0.000000 0.000000 0.000000 1.000000
0.983234 -0.144184 -0.111629 0.000000 0.054503 0.816575 -0.574660 14.560200 0.174010 0.558942 0.810743 0.016000 0.000000 0.000000 0.000000 1.000000
0.992755 -0.111126 -0.045694 0.000000 0.056077 0.764856 -0.641756 14.560200 0.106265 0.634545 0.765546 0.016000 0.000000 0.000000 0.000000 1.000000
0.998336 -0.054637 0.018433 0.000000 0.052023 0.715540 -0.696633 14.560200 0.024872 0.696432 0.717191 0.016000 0.000000 0.000000 0.000000 1.000000
0.996529 0.011010 0.082518 0.000000 0.053895 0.670136 -0.740279 14.560200 -0.063449 0.742157 0.667217 0.016000 0.000000 0.000000 0.000000 1.000000
0.987553 0.055420 0.147197 0.000000 0.080213 0.627554 -0.774430 14.560200 -0.135293 0.776598 0.615297 0.016000 0.000000 0.000000 0.000000 1.000000
0.975782 0.058316 0.210831 0.000000 0.137857 0.584387 -0.799680 14.560200 -0.169841 0.809377 0.562195 0.016000 0.000000 0.000000 0.000000 1.000000
0.961755 0.033483 0.271857 -0.000000 0.208286 0.555170 -0.805235 14.560200 -0.177888 0.831062 0.526964 0.016000 0.000000 0.000000 0.000000 1.000000
